120, 1.643329969858603
132.2, 1.291239326079008
144.4, 0.9740333780433986
156.6, 0.756786284533325
168.8, 0.6111045691563689
181, 0.5042916511387295
193.2, 0.41970272944270354
205.39999999999998, 0.3502440984832275
217.6, 0.29263641291185405
229.8, 0.24488300899558965
242, 0.20541349693478472
254.2, 0.1728613536939557
266.4, 0.14602955827888495
278.6, 0.12389112066810905
290.79999999999995, 0.1055843119856427
303, 0.0903983972224094
315.2, 0.0777539677894894
327.4, 0.0671820094145217
339.6, 0.05830424747222039
351.79999999999995, 0.0508159378186568
364, 0.04447141476595518
376.2, 0.03907226201012066
388.4, 0.034457782359421506
400.59999999999997, 0.030497391888813806
412.79999999999995, 0.027084581688467172
425, 0.024132135468479563
437.2, 0.021568343266255296
449.4, 0.019334000764924603
461.59999999999997, 0.017380026512557104
473.79999999999995, 0.01566556477859844
486, 0.014156470353232458
498.2, 0.012824094237405794
510.4, 0.011644306932635825
522.5999999999999, 0.010596709888890084
534.8, 0.009663996433346905
547, 0.008831431859692975
559.2, 0.008086428846553913
571.4, 0.007418199418126591
583.5999999999999, 0.006817468589070695
595.8, 0.0062762379032503535
608, 0.0057875894775226994
620.2, 0.00534552304771747
632.4, 0.004944819999714007
644.6, 0.004580929542912285
656.8, 0.004249873114819584
669, 0.003948163846739742
681.1999999999999, 0.0036727385125018474
693.4, 0.0034208998565084248
705.5999999999999, 0.00319026757876616
717.8, 0.0029787365622378314
730, 0.0027844411768898777
742.1999999999999, 0.0026057246970344547
754.4, 0.0024411130333008256
766.5999999999999, 0.002289292115193303
778.8, 0.0021490883705343107
791, 0.002019451838812106
803.1999999999999, 0.001899441530249965
815.4, 0.0017882127042670106
827.5999999999999, 0.0016850057922878792
839.8, 0.0015891367325007418
852, 0.0014999885197153752
864.1999999999999, 0.0014170038031851495
876.4, 0.0013396783901562094
888.5999999999999, 0.0012675555338223653
900.8, 0.0012002209019750312
913, 0.0011372981375010005
925.1999999999999, 0.0010784449344555477
937.4, 0.0010233495640986005
949.5999999999999, 0.0009717277943392714
961.8, 0.000923320153747833
974, 0.0008778894978739422
986.1999999999999, 0.0008352188412371965
998.4, 0.0007951094231763629
1010.5999999999999, 0.0007573789798803363
1022.8, 0.0007218601984814984
1035, 0.000688399332158604
1047.1999999999998, 0.0006568549578399634
1059.4, 0.0006270968603861533
1071.6, 0.0005990050291124067
1083.8, 0.0005724687542285402
1096, 0.0005473858122688502
1108.1999999999998, 0.0005236617308831825
1120.4, 0.0005012091244936492
1132.6, 0.00047994709331135944
1144.8, 0.00045980067907160365
1157, 0.0004407003716037193
1169.2, 0.0004225816610160923
1181.3999999999999, 0.0004053846308604723
1193.6, 0.00038905358815117955
1205.8, 0.00037353672656885754
1218, 0.0003587858195741108
1230.2, 0.0003447559405100907
1242.3999999999999, 0.00033140520708254057
1254.6, 0.00031869454788143505
1266.8, 0.00030658748885247655
1279, 0.00029504995784213056
1291.1999999999998, 0.0002840501055329217
1303.3999999999999, 0.00027355814125649156
1315.6, 0.00026354618232294594
1327.8, 0.00025398811564244123
1340, 0.00024485947053450106
1352.1999999999998, 0.00023613730172922316
1364.3999999999999, 0.00022780008166090615
1376.6, 0.00021982760124199344
1388.8, 0.00021220087838104944
1401, 0.00020490207357980777
1413.1999999999998, 0.00019791441200574234
1425.3999999999999, 0.0001912221114925653
1437.6, 0.00018481031597233078
1449.8, 0.00017866503388727374
1462, 0.0001727730811712829
1474.1999999999998, 0.00016712202842705456
1486.3999999999999, 0.00016170015195906114
1498.6, 0.00015649638835182018
1510.8, 0.00015150029231078788
1523, 0.0001467019975074098
1535.1999999999998, 0.00014209218019252455
1547.3999999999999, 0.00013766202536215382
1559.6, 0.00013340319527845924
1571.8, 0.00012930780016512242
1584, 0.00012536837091130598
1596.1999999999998, 0.00012157783363278232
1608.3999999999999, 0.00011792948595049882
1620.6, 0.0001144169748590295
1632.8, 0.00011103427606715898
1645, 0.00010777567470278285
1657.1999999999998, 0.00010463574728260989
1669.3999999999999, 0.00010160934485529259
1681.6, 0.0000986915772337206
1693.8, 0.00009587779823889691
1706, 0.00009316359188367874
1718.1999999999998, 0.00009054475943043815
1730.3999999999999, 0.00008801730726170365
1742.6, 0.00008557743550722398
1754.8, 0.00008322152737565262
1767, 0.00008094613914251588
1779.1999999999998, 0.00007874799074998949
1791.3999999999999, 0.00007662395697712363
1803.6, 0.00007457105914250035
1815.8, 0.00007258645730366015
1828, 0.00007066744292070397
1840.1999999999998, 0.00006881143195328308
1852.3999999999999, 0.00006701595836311983
1864.6, 0.00006527866799533175
1876.8, 0.00006359731281450152
1889, 0.00006196974547267892
1901.1999999999998, 0.00006039391418805924
1913.3999999999999, 0.000058867857915054804
1925.6, 0.000057389701787121636
1937.8, 0.000055957652815525554
1950, 0.00005456999582808326
1962.1999999999998, 0.00005322508963319899
1974.3999999999999, 0.00005192136339530706
1986.6, 0.00005065731320881442
1998.8, 0.00004943149885864163
2011, 0.000048242540756138804
2023.1999999999998, 0.00004708911703979376
2035.3999999999999, 0.000045969960830983956
2047.6, 0.00004488385763565818
2059.8, 0.000043829642883353706
2072, 0.00004280619959551042
2084.2, 0.000041812456175540036
2096.3999999999996, 0.00004084738431376998
2108.6, 0.00003990999700047429
2120.8, 0.00003899934664100937
2133, 0.00003811452326714106
2145.2, 0.00003725465283911667
2157.3999999999996, 0.00003641889563359827
2169.6, 0.00003560644471236074
2181.7999999999997, 0.00003481652446751117
2194, 0.000034048389238973094
2206.2, 0.0000333013220001038
2218.4, 0.00003257463310797868
2230.6, 0.000031867659114640564
2242.7999999999997, 0.00003117976163610143
2255, 0.000030510326276029565
2267.2, 0.000029858761601041907
2279.4, 0.000029224498165124966
2291.6, 0.00002860698758036472
2303.7999999999997, 0.00002800570163158874
2316, 0.000027420131432778142
2328.2, 0.00002684978662281923
2340.4, 0.000026294194598853635
2352.6, 0.000025752899785031416
2364.7999999999997, 0.00002522546293499734
2377, 0.000024711460466384692
2389.2, 0.000024210483825635738
2401.4, 0.000023722138881667554
2413.6, 0.00002324604534690759
2425.7999999999997, 0.000022781836224379818
2438, 0.000022329157279454498
2450.2, 0.000021887666535157853
2462.3999999999996, 0.000021457033789796287
2474.6, 0.00002103694015584099
2486.7999999999997, 0.000020627077618994088
2499, 0.00002022714861657964
2511.2, 0.000019836865634121313
2523.3999999999996, 0.000019455950819461193
2535.6, 0.000019084135613397745
2547.7999999999997, 0.000018721160396148128
2560, 0.000018366774148922016
